<?xml version="1.0"?>
<opencv_storage>
<trainData type_id="opencv-matrix">
  <rows>73</rows>
  <cols>10</cols>
  <dt>f</dt>
  <data>
    7.92079195e-02 2.97029689e-02 1.38613865e-01 2.97029689e-02
    6.93069324e-02 2.27722764e-01 1.28712863e-01 1.88118815e-01
    6.93069324e-02 3.96039598e-02 1.58415839e-01 6.93069324e-02
    8.91089067e-02 5.94059378e-02 5.94059378e-02 1.58415839e-01
    1.98019803e-01 1.28712863e-01 5.94059378e-02 1.98019799e-02
    8.99999961e-02 1.99999996e-02 5.99999987e-02 1.09999999e-01
    4.99999970e-02 2.89999992e-01 1.59999996e-01 8.99999961e-02
    8.99999961e-02 3.99999991e-02 6.17283955e-02 9.87654328e-02
    6.17283955e-02 4.93827164e-02 4.93827164e-02 2.96296299e-01
    2.46913582e-02 1.23456791e-01 1.48148149e-01 8.64197537e-02
    2.29999989e-01 3.99999991e-02 9.99999940e-02 2.99999993e-02
    9.99999978e-03 7.00000003e-02 2.19999999e-01 9.99999940e-02
    2.99999993e-02 1.70000002e-01 1.29999995e-01 5.99999987e-02
    9.99999940e-02 4.99999970e-02 7.99999982e-02 3.99999991e-02
    2.09999993e-01 3.99999991e-02 7.99999982e-02 2.09999993e-01
    1.36842117e-01 7.36842155e-02 1.15789481e-01 7.36842155e-02
    6.31579012e-02 1.57894745e-01 1.26315802e-01 7.36842155e-02
    5.26315793e-02 1.26315802e-01 0. 1.26760557e-01 4.22535203e-02
    8.45070407e-02 1.12676054e-01 1.40845060e-01 8.45070407e-02
    8.45070407e-02 1.40845060e-01 1.83098584e-01 1.28712863e-01
    1.38613865e-01 7.92079195e-02 1.08910888e-01 8.91089067e-02
    3.96039598e-02 1.28712863e-01 4.95049506e-02 1.68316826e-01
    6.93069324e-02 1.79999992e-01 1.19999997e-01 9.99999940e-02
    8.99999961e-02 1.09999999e-01 8.99999961e-02 1.09999999e-01
    4.99999970e-02 7.99999982e-02 7.00000003e-02 0. 1.59999996e-01
    1.49999991e-01 1.09999999e-01 2.99999993e-02 7.00000003e-02
    9.99999940e-02 1.70000002e-01 1.70000002e-01 3.99999991e-02
    1.08910888e-01 1.08910888e-01 8.91089067e-02 8.91089067e-02
    7.92079195e-02 1.08910888e-01 4.95049506e-02 1.28712863e-01
    1.38613865e-01 9.90099013e-02 1.89999998e-01 1.29999995e-01
    1.59999996e-01 7.99999982e-02 1.09999999e-01 5.99999987e-02
    9.99999940e-02 1.99999996e-02 1.09999999e-01 3.99999991e-02
    1.99999988e-01 8.99999961e-02 7.00000003e-02 5.99999987e-02
    1.29999995e-01 1.19999997e-01 1.19999997e-01 1.99999996e-02
    1.19999997e-01 7.00000003e-02 2.39999995e-01 1.40000001e-01
    5.99999987e-02 4.99999970e-02 5.99999987e-02 4.99999970e-02
    7.99999982e-02 5.99999987e-02 1.89999998e-01 7.00000003e-02
    5.99999987e-02 1.59999996e-01 1.19999997e-01 9.99999940e-02
    3.99999991e-02 1.19999997e-01 7.00000003e-02 1.09999999e-01
    1.59999996e-01 5.99999987e-02 1.29032254e-01 9.67741907e-02
    1.07526883e-01 6.45161271e-02 4.30107526e-02 1.50537640e-01
    6.45161271e-02 1.50537640e-01 1.50537640e-01 4.30107526e-02
    1.89999998e-01 1.29999995e-01 4.99999970e-02 2.99999993e-02
    9.99999978e-03 8.99999961e-02 7.99999982e-02 2.80000001e-01
    9.99999940e-02 3.99999991e-02 3.79746854e-02 1.64556965e-01
    6.32911399e-02 7.59493709e-02 5.06329127e-02 1.13924056e-01
    1.01265825e-01 1.51898742e-01 2.15189874e-01 2.53164563e-02
    8.45070407e-02 1.40845060e-01 5.63380271e-02 1.26760557e-01
    7.04225302e-02 8.45070407e-02 8.45070407e-02 8.45070407e-02
    1.12676054e-01 1.54929578e-01 1.49999991e-01 8.99999961e-02
    1.19999997e-01 4.99999970e-02 4.99999970e-02 9.99999940e-02
    1.59999996e-01 1.59999996e-01 9.99999940e-02 1.99999996e-02
    1.05263159e-01 1.31578952e-01 6.57894760e-02 9.21052620e-02
    1.31578952e-01 1.31578952e-01 1.31578952e-01 5.26315793e-02
    9.21052620e-02 6.57894760e-02 8.19672048e-02 1.31147534e-01
    1.63934417e-02 3.27868834e-02 6.55737668e-02 2.62295067e-01
    1.47540972e-01 1.63934417e-02 1.80327863e-01 6.55737668e-02
    7.99999982e-02 1.79999992e-01 1.49999991e-01 1.29999995e-01
    5.99999987e-02 7.99999982e-02 1.59999996e-01 3.99999991e-02
    1.09999999e-01 9.99999978e-03 2.07920790e-01 1.08910888e-01
    1.48514852e-01 1.08910888e-01 8.91089067e-02 2.97029689e-02
    8.91089067e-02 6.93069324e-02 1.28712863e-01 1.98019799e-02
    4.21052650e-02 1.47368431e-01 1.26315802e-01 1.15789481e-01
    4.21052650e-02 1.78947374e-01 7.36842155e-02 9.47368443e-02
    1.26315802e-01 5.26315793e-02 6.15384616e-02 7.69230798e-02
    6.15384616e-02 9.23076943e-02 1.23076923e-01 1.53846160e-01
    9.23076943e-02 9.23076943e-02 2.15384617e-01 3.07692308e-02
    1.99999988e-01 5.99999987e-02 4.99999970e-02 9.99999940e-02
    5.99999987e-02 1.40000001e-01 1.29999995e-01 9.99999940e-02
    1.19999997e-01 3.99999991e-02 6.93069324e-02 1.38613865e-01
    4.95049506e-02 1.28712863e-01 9.90099013e-02 1.68316826e-01
    6.93069324e-02 6.93069324e-02 1.18811876e-01 8.91089067e-02
    2.04081628e-02 1.42857134e-01 4.08163257e-02 1.83673471e-01
    6.12244904e-02 1.22448981e-01 1.02040812e-01 6.12244904e-02
    1.42857134e-01 1.22448981e-01 2.38095239e-01 9.52380970e-02 0. 0. 0.
    1.42857149e-01 4.76190485e-02 0. 1.90476194e-01 2.85714298e-01
    1.85185194e-01 7.40740746e-02 0. 7.40740746e-02 3.70370373e-02
    2.22222224e-01 0. 0. 1.11111112e-01 2.96296299e-01 1.56250000e-01
    1.25000000e-01 6.25000000e-02 0. 6.25000000e-02 9.37500000e-02
    6.25000000e-02 0. 6.25000000e-02 3.75000000e-01 9.67741907e-02
    3.22580636e-02 3.22580636e-02 9.67741907e-02 9.67741907e-02
    2.58064508e-01 3.22580636e-02 6.45161271e-02 1.29032254e-01
    1.61290318e-01 2.85714298e-01 1.42857149e-01 0. 3.57142873e-02
    7.14285746e-02 1.07142866e-01 1.07142866e-01 0. 7.14285746e-02
    1.78571433e-01 1.07142866e-01 1.42857149e-01 3.57142873e-02
    1.07142866e-01 3.57142873e-02 7.14285746e-02 7.14285746e-02
    1.07142866e-01 7.14285746e-02 2.50000000e-01 2.00000003e-01
    1.00000001e-01 2.50000004e-02 0. 2.50000004e-02 1.25000000e-01
    7.50000030e-02 2.50000004e-02 1.74999997e-01 2.50000000e-01 0.
    2.50000000e-01 0. 6.25000000e-02 6.25000000e-02 3.12500000e-01 0. 0.
    3.12500000e-01 0. 0. 3.15789461e-01 0. 0. 1.05263159e-01
    1.05263159e-01 5.26315793e-02 0. 3.68421048e-01 5.26315793e-02
    1.72413796e-01 1.03448272e-01 0. 1.37931034e-01 1.37931034e-01
    2.06896544e-01 3.44827585e-02 0. 1.72413796e-01 3.44827585e-02
    8.69565234e-02 1.73913047e-01 0. 1.30434781e-01 0. 1.30434781e-01
    1.30434781e-01 4.34782617e-02 2.60869563e-01 4.34782617e-02
    9.09090936e-02 9.09090936e-02 0. 9.09090936e-02 9.09090936e-02
    3.63636374e-01 9.09090936e-02 0. 1.81818187e-01 0. 5.00000007e-02
    2.00000003e-01 5.00000007e-02 5.00000007e-02 1.50000006e-01
    5.00000007e-02 1.50000006e-01 0. 2.50000000e-01 5.00000007e-02 0. 0.
    0. 0. 0. 5.00000000e-01 0. 0. 3.33333343e-01 1.66666672e-01 0.
    2.08333343e-01 0. 1.25000000e-01 4.16666679e-02 2.50000000e-01
    4.16666679e-02 0. 2.08333343e-01 1.25000000e-01 5.12820520e-02
    2.56410271e-01 0. 1.02564104e-01 5.12820520e-02 1.53846160e-01
    2.56410260e-02 0. 3.07692319e-01 5.12820520e-02 9.09090936e-02
    1.81818187e-01 0. 1.13636367e-01 6.81818202e-02 2.04545468e-01 0. 0.
    2.95454562e-01 4.54545468e-02 3.70370373e-02 1.85185194e-01
    3.70370373e-02 1.29629627e-01 9.25925970e-02 1.11111112e-01
    5.55555560e-02 3.70370373e-02 2.59259254e-01 5.55555560e-02
    4.34782617e-02 1.73913047e-01 0. 1.30434781e-01 0. 2.60869563e-01 0.
    0. 2.60869563e-01 1.30434781e-01 0. 2.17391312e-01 4.34782617e-02
    2.60869563e-01 2.17391312e-01 8.69565234e-02 0. 0. 1.30434781e-01
    4.34782617e-02 9.43396240e-02 1.69811323e-01 1.88679248e-02
    1.13207549e-01 1.50943398e-01 1.69811323e-01 5.66037744e-02 0.
    1.88679248e-01 3.77358496e-02 1.30434781e-01 1.30434781e-01 0. 0.
    4.34782617e-02 1.30434781e-01 4.34782617e-02 0. 1.73913047e-01
    3.47826093e-01 5.26315793e-02 2.10526317e-01 0. 0. 0. 1.05263159e-01
    5.26315793e-02 0. 2.63157904e-01 3.15789461e-01 2.12121218e-01
    9.09090936e-02 0. 3.03030312e-02 0. 3.03030312e-02 1.21212125e-01
    1.21212125e-01 1.51515156e-01 2.42424250e-01 9.67741907e-02
