<?xml version="1.0"?>
<opencv_storage>
<vocabulary type_id="opencv-matrix">
  <rows>10</rows>
  <cols>128</cols>
  <dt>f</dt>
  <data>
    3.06050739e+01 2.23659420e+01 2.27826099e+01 2.51032619e+01
    2.19166679e+01 1.18260870e+01 1.26268120e+01 2.16557980e+01
    6.39782639e+01 4.19311600e+01 2.49710140e+01 2.02481880e+01
    1.87989140e+01 1.43134060e+01 1.66902180e+01 3.11865940e+01
    2.93152180e+01 1.96829720e+01 1.86231880e+01 3.21231880e+01
    4.48351440e+01 2.56376820e+01 1.71431160e+01 2.01032619e+01
    2.28442039e+01 1.81612320e+01 1.53043480e+01 2.06467400e+01
    3.03224640e+01 2.25018120e+01 1.36394930e+01 1.67934780e+01
    3.51793480e+01 2.43242760e+01 2.67699280e+01 4.28876801e+01
    4.54184799e+01 2.14873199e+01 7.68659449e+00 1.25090580e+01
    1.19793480e+02 5.68097839e+01 2.30851460e+01 2.25271740e+01
    2.44438419e+01 1.31467390e+01 6.98731899e+00 2.72409420e+01
    4.89746399e+01 2.20271740e+01 2.08804359e+01 5.10181160e+01
    7.92246399e+01 4.03115959e+01 1.49981890e+01 1.82264500e+01
    4.54311600e+01 3.20706520e+01 2.04384060e+01 2.28605080e+01
    3.00036240e+01 2.03568840e+01 1.34347830e+01 2.66086960e+01
    3.68405800e+01 1.10960150e+01 9.27898598e+00 2.31177540e+01
    4.50688400e+01 3.92934799e+01 2.17554359e+01 2.34963779e+01
    1.19186600e+02 2.86920300e+01 7.25724649e+00 1.27083340e+01
    2.38804359e+01 2.23460140e+01 2.02971020e+01 5.81539879e+01
    4.90380440e+01 1.88224640e+01 1.42409420e+01 3.98007240e+01
    7.94112320e+01 5.11485519e+01 1.99547100e+01 2.16811600e+01
    4.74311600e+01 2.51757259e+01 1.26086960e+01 1.88423920e+01
    2.90869579e+01 2.28623199e+01 2.02083340e+01 3.39510880e+01
    3.49021759e+01 1.90380440e+01 1.14112320e+01 1.26956520e+01
    2.22264500e+01 2.08804359e+01 1.84275360e+01 2.41757259e+01
    6.80036240e+01 2.96286240e+01 1.63079720e+01 1.45778990e+01
    1.87246380e+01 1.77826099e+01 2.08713779e+01 4.62952919e+01
    2.94583340e+01 1.89148560e+01 1.67572460e+01 2.96721020e+01
    4.75833359e+01 3.03460159e+01 1.65815220e+01 1.93985519e+01
    2.80471020e+01 1.84782619e+01 1.34039860e+01 2.09420300e+01
    2.77789860e+01 1.86322460e+01 1.35724640e+01 1.97644939e+01
    3.55164642e+01 3.41299820e+01 2.60034657e+01 2.67902946e+01
    1.70814552e+01 3.04506063e+00 2.07625651e+00 1.05129986e+01
    9.61629105e+01 6.36793747e+01 2.77833614e+01 1.98006935e+01
    1.05771227e+01 4.75909901e+00 7.27556324e+00 3.48180237e+01
    5.19948006e+01 2.86083183e+01 2.10086651e+01 3.34870033e+01
    3.45216637e+01 1.75788555e+01 1.44228773e+01 2.37296352e+01
    1.94454079e+01 2.16360493e+01 1.96759090e+01 3.01438484e+01
    3.00415936e+01 1.34800692e+01 9.61871719e+00 1.07365685e+01
    4.01109200e+01 2.54714031e+01 2.81577129e+01 2.77053719e+01
    1.82512989e+01 5.23223591e+00 1.19757366e+00 5.68804169e+00
    1.33150787e+02 6.38821487e+01 2.15649910e+01 1.78526859e+01
    1.18405542e+01 5.95493937e+00 7.25823212e+00 4.66845741e+01
    6.90121307e+01 3.16863079e+01 4.60814552e+01 8.17279053e+01
    6.38024254e+01 2.09341431e+01 1.10554590e+01 1.94748707e+01
    3.53518181e+01 3.95025978e+01 4.48492203e+01 5.10190659e+01
    3.38024254e+01 8.43674183e+00 3.95667243e+00 1.06031199e+01
    2.43830147e+01 1.68197575e+01 1.25615253e+01 1.25407276e+01
    9.01559830e+00 4.50953197e+00 1.91161180e+00 3. 1.03564995e+02
    1.20540726e+02 7.94298096e+01 2.29150772e+01 5.71057177e+00
    2.56325817e+00 1.49566722e+00 8.43327522e+00 2.61975746e+01
    5.36967087e+01 1.08757362e+02 1.07667244e+02 3.86915092e+01
    3.36395144e+00 1.83708835e+00 5.10918522e+00 3.57071075e+01
    4.85979195e+01 5.59670715e+01 4.56481819e+01 1.70242634e+01
    2.49393415e+00 2.32755637e+00 1.04107456e+01 3.59618711e+00
    4.50259972e+00 4.27902937e+00 3.74176788e+00 3.10571933e+00
    3.03812814e+00 1.40901208e+00 1.82668972e+00 8.56499100e+00
    2.29289436e+01 2.37781620e+01 5.67417669e+00 3.06412482e+00
    3.30502605e+00 2.72616982e+00 3.50086665e+00 1.40814562e+01
    2.05060654e+01 3.31854401e+01 1.52478333e+01 4.79722691e+00
    3.38301563e+00 3.80762553e+00 6.91681099e+00 1.72287693e+01
    2.58613510e+01 2.68336220e+01 1.30537262e+01 2.94454074e+00
    1.26516461e+00 3.85615253e+00 8.19757366e+00 2.89405098e+01
    1.03767700e+01 7.18130302e+00 1.19660053e+01 1.27478752e+01
    1.00141640e+01 1.41218128e+01 3.11869678e+01 2.32606220e+01
    1.18640223e+01 1.48895178e+01 2.56402264e+01 2.05495739e+01
    1.17960339e+01 1.88923512e+01 3.16373940e+01 3.54475899e+01
    2.30736542e+01 1.56373940e+01 1.62804527e+01 1.53172798e+01
    1.10878181e+01 1.48356943e+01 2.80113316e+01 1.61671391e+01
    5.72521257e+00 4.01416445e+00 1.19121809e+01 2.47705383e+01
    1.45807362e+01 1.27252121e+01 1.87988663e+01 2.78583565e+01
    1.01019831e+01 2.24815865e+01 3.53909340e+01 1.73909340e+01
    8.62039661e+00 1.21019831e+01 3.51784706e+01 2.41019821e+01
    2.66855526e+01 6.33767700e+01 1.18354103e+02 5.38980179e+01
    6.32861185e+00 5.56090641e+00 1.31898012e+01 1.17220963e+02
    8.69915009e+01 4.65920677e+01 2.96968842e+01 1.17337112e+01
    4.49008512e+00 3.80736542e+00 1.82181301e+01 2.94390926e+01
    9.15014172e+00 4.65439081e+00 1.81444759e+01 3.30368271e+01
    1.29150143e+01 7.79320097e+00 1.38866854e+01 1.73201122e+01
    1.05184135e+01 3.32039642e+01 7.86685562e+01 4.46855507e+01
    5.57790375e+00 4.53541088e+00 1.44985838e+01 6.86090622e+01
    1.47138805e+01 2.90651550e+01 1.05617561e+02 7.62634583e+01
    1.09971666e+01 4.47875357e+00 1.55580730e+01 1.34560898e+02
    3.25070801e+01 7.12464571e+00 1.18611898e+01 1.29405098e+01
    4.19546747e+00 3.45325780e+00 4.44050980e+01 3.58498573e+01
    7.73371077e+00 6.29461765e+00 2.34560909e+01 4.08356934e+01
    1.17365437e+01 4.71671391e+00 1.04815865e+01 1.01784697e+01
    7.87252092e+00 1.65212460e+01 5.54504242e+01 5.07110481e+01
    1.11643057e+01 5.23796034e+00 6.95467424e+00 6.85325775e+01
    1.19745045e+01 6.20396614e+00 3.96940498e+01 4.99745026e+01
    1.66685543e+01 1.29971666e+01 3.69773369e+01 1.23033989e+02
    3.37988663e+01 5.43059492e+00 9.04815865e+00 1.04419260e+01
    3.89235115e+00 5.23796034e+00 5.18980179e+01 2.43201122e+01
    1.39518414e+01 1.11954670e+01 3.03852692e+01 3.60764885e+01
    8.01982975e+00 3.07365441e+00 7.30311584e+00 5.07601013e+01
    3.11919193e+01 1.55909090e+01 1.34595957e+01 8.62121201e+00
    3.81313133e+00 9.64393902e+00 3.21818199e+01 3.92575760e+01
    2.74469700e+01 2.18131313e+01 2.70303040e+01 2.09949493e+01
    1.01262627e+01 1.37348480e+01 3.10050507e+01 4.15959587e+01
    2.74747467e+01 1.87424240e+01 2.20050507e+01 1.89191914e+01
    1.16363640e+01 1.29469700e+01 2.74217167e+01 2.18358593e+01
    1.12853537e+01 9.10606098e+00 1.88434334e+01 2.53989906e+01
    1.46010103e+01 1.28560610e+01 2.13156567e+01 6.53282852e+01
    5.67424240e+01 3.66262627e+01 2.37045460e+01 1.13131313e+01
    3.21717167e+00 5.81060600e+00 2.89191914e+01 4.31186867e+01
    4.84696960e+01 6.89772720e+01 8.35454559e+01 4.03333321e+01
    6.92171717e+00 5.16414118e+00 1.68484840e+01 1.04969696e+02
    7.50025253e+01 4.04974747e+01 2.92070713e+01 1.64848480e+01
    6.15656567e+00 6.59090900e+00 2.66161613e+01 3.37702026e+01
    1.61691914e+01 1.28712120e+01 3.59797974e+01 3.87575760e+01
    1.63005047e+01 1.18005047e+01 2.05732327e+01 4.14696960e+01
    5.63358574e+01 5.01515160e+01 2.57777786e+01 9.94444466e+00
    4.11111116e+00 3.49494958e+00 1.37297983e+01 6.92247467e+01
    3.31919174e+01 5.00151520e+01 6.22247467e+01 3.61969681e+01
    1.27398987e+01 8.91414165e+00 2.42171726e+01 1.17780304e+02
    6.13914146e+01 2.84444447e+01 2.80252533e+01 1.47626266e+01
    5.22727251e+00 6.12121201e+00 4.40151520e+01 3.45959587e+01
    2.65555553e+01 3.26010094e+01 6.27373734e+01 4.38964653e+01
    9.02272701e+00 4.43181801e+00 1.07398987e+01 1.67297974e+01
    2.54393940e+01 2.36590900e+01 1.11085863e+01 5.91414118e+00
    3.83585858e+00 2.99242425e+00 6.59595966e+00 3.90101013e+01
